Work_order_start_date,Asset_ID,Asset_subsystem,Utilized_hours_since_last_WO,Cum_Utilized_Hours,Work_Order_Initiator,Work_Order_Description,Item_partOf,Activity,State,Work_Order_Type,Actual_Costs,Planned_Costs,Actual_Work_Hrs,Planned_Work_Hrs
9/05/2007,TK001,engine,,,,Engine installed,engine,install,,PM01,,,,
21/05/2007,TK001,engine,210,210,OperationalIssue,REPAIR ENGINE SHUTTING DOWN,engine,,shutting_down,PM03,1014, -   ,4,0
22/07/2007,TK001,engine,1085,1295,OperationalIssue,REPAIR LOW ENG OIL LEVEL ERROR,engine_oil_level_switch,repair ,error,PM03, -   ,507,0,2
14/01/2008,TK001,engine,3080,4375,WorkFromInspection,Replace Eng Oil Level Switch,engine_oil_level_switch,replace,,PM02,768,605,3,2
11/04/2008,TK001,engine,1540,5915,OperationalIssue,REPAIR LACK OF POWER,engine,repair ,lack_of_power,PM03,357,357,2,2
21/07/2008,TK001,engine,1768,7683,FixedIntervalRestoration,OEM 8000HR ENGINE MIDLIFE,engine,8000HR_midlife,,PM01,44235,49184,63.5,96
21/07/2008,TK001,engine,0,7683,WorkFromInspection,Replace LH Eng Fuel Rail Clamp,fuel_rail_clamp,replace,,PM02,159,390,0.5,2
23/08/2008,TK001,engine,578,8260,OperationalIssue,Engine derating.,engine,,derating,PM03,312, -   ,2,0
31/03/2009,TK001,engine,3850,12110,WorkFromInspection,REPAIR ENG OIL LEAK,engine_oil,,oil_leak,PM03,795,1102,3.5,5
29/04/2009,TK001,engine,508,12618,WorkFromInspection,REPAIR BROKEN LH ENG COVER MOUNT BRACKET,engine_cover_mount_bracket,repair ,broken,PM02,323,323,2,2
1/05/2009,TK001,engine,35,12653,WorkFromInspection,REPLACE FAULTY ENGINE SPEED TIMINGSENSOR,engine_speed_timing_sensor,replace,faulty,PM02,1279,584,4,0
11/05/2009,TK001,engine,175,12828,WorkFromInspection,INSPECT/REPAIR ENGINE STARTER MOTOR,starter_motor,inspect,,PM02,785,785,4,4
16/05/2009,TK001,engine,88,12915,WorkFromInspection,WELD UP CRACKED ENGINE PANELS,engine_panels,weld_up,cracked,PM02,521, -   ,3,0
20/07/2009,TK001,engine,1138,14053,WorkFromInspection,INVESTIGATE ENG OIL LEAK L/HFRONT,engine,inspect,oil_leak,PM02,2,388,0.01,2
31/08/2009,TK001,engine,735,14788,FixedIntervalReplacement,OEM 8000HR ENGINE CHANGEOUT,engine,8000HR_changeout,,PM01,225849,37277,202,192
31/08/2009,TK001,engine,0,14788,WorkFromInspection,REPAIR OIL LEAKS AT FRONT OF ENGINE,engine,repair ,oil_leak,PM02,645,4629,1,24
21/09/2009,TK001,engine,368,15155,FixedIntervalRestoration,OEM Model 1 LOADER 8000HR ENGINE MIDLIFE,engine,8000HR_midlife,,PM01, -   ,53618,0,96
21/09/2009,TK001,engine,0,15155,WorkFromInspection,REPLACE CRACKED ENGINE COOLING FAN,engine_cooling_fan,replace,cracked,PM02,6547,5972,9,6
18/02/2010,TK001,engine,2625,17780,WorkFromInspection,CMT_engine _Fuel dilution,engine,,fuel_dilution,PM02,6426,3729,4,8
3/05/2010,TK001,engine,1295,19075,WorkFromInspection,REPLACE ENGINE SPEED SENSOR,engine_speed_sensor,replace,,PM02,312,137,1,0
30/08/2010,TK001,engine,2083,21158,WorkFromInspection,RESEAL LEAKING A/C DRIVE ON ENGINE,engine_drive,reseal,,PM02,1134,1134,6,6
13/12/2010,TK001,engine,1838,22995,FixedIntervalReplacement,Engine removed,engine,remove,,PM01,,,,
26/12/2007,LDRR7,engine,,,,Engine installed,engine,install,,,,,,
1/02/2008,LDRR7,engine,648,648,WorkFromInspection,REPAIR ENG OIL LEVEL CHECK WARNING,engine_oil_level,check,,PM03,295, -   ,2,0
15/04/2008,LDRR7,engine,1295,1943,WorkFromInspection,low eng. oil warning,engine_oil_level,,warning,PM03,178, -   ,1,0
23/03/2009,LDRR7,engine,5985,7928,FixedIntervalRestoration,ENGINE MIDLIFE WARRANTY,engine,8000HR_midlife,,PM01,45098,72956,122.5,126
11/04/2009,LDRR7,engine,333,8260,OperationalIssue,ENGINE NOT CRANKING,engine,,not_cranking,PM03,2122,1841,3.1,0
30/04/2009,LDRR7,engine,333,8593,WorkFromInspection,RESEAL WEAPING ENGINE OIL PUMP,engine_oil_pump,reseal,oil_leak,PM02,1861,3155,4,12
15/02/2010,LDRR7,engine,5093,13685,WorkFromInspection,REPLACE ENGINE SPEED SENSOR,engine_speed_sensor,replace,,PM03,486,137,2,0
29/03/2010,LDRR7,engine,735,14420,WorkFromInspection,INSPECT/REPAIR MINOR ENGINE FUEL LEAK,engine,repair ,fuel_leak,PM02,352,702,2,4
2/05/2010,LDRR7,engine,595,15015,FixedIntervalRestoration,OEM Model 1 LOADER 8000HR ENGINE MIDLIFE,engine,8000HR_midlife,,PM01, -   ,51614,0,96
24/05/2010,LDRR7,engine,385,15400,FixedIntervalReplacement,OEM Model 1 LOADER ENGINE C/O,engine,8000HR_changeout,,PM01,208634,280422,116.6,192
25/05/2010,LDRR7,engine,18,15418,WorkFromInspection,WELD BUTTONS FOR ENGINE ACCESS PLATFORMS,engine_access_platform,,weld,PM02,1398, -   ,8,0
28/06/2010,LDRR7,engine,595,16013,WorkFromInspection,REPLACE FAULTY ENGINE PRECLEANERS,engine_precleaners,replace,faulty,PM02,1478,1478,2,2
2/11/2010,LDRR7,engine,2223,18235,,Engine removed,,,,,,,,
28/04/2008,LDRR8,engine,,,,Engine installed,,,,,,,,
17/01/2009,LDRR8,engine,4620,4620,WorkFromInspection,REPAIR COOLANT LEAK UNDER ENGINE,engine,repair ,coolant_leak,PM03,1969,43,10,0
12/03/2009,LDRR8,engine,945,5565,WorkFromInspection,REPAIR ENGINE THROTTLE LOCK,engine_throttle,repair ,lock,PM02,21,2,0.1,0
8/06/2009,LDRR8,engine,1540,7105,FixedIntervalRestoration,LOADER 8000HR ENGINE MIDLIFE,engine,8000HR_midlife,,PM01,22276,58755,96,96
8/06/2009,LDRR8,engine,0,7105,WorkFromInspection,REPLACE CRACKED ENGINE ROCKER COVER,engine_rocker_cover,replace,crack,PM02,532,756,3,3
12/10/2009,LDRR8,engine,2205,9310,OperationalIssue,INSPECT ENG O/HEATING,engine,inspect,overheating,PM03,1006, -   ,6,0
24/10/2009,LDRR8,engine,210,9520,OperationalIssue,INSPECT LOW POWER FAULT,engine,inspect,low_power,PM03,2857,1516,8,0
13/01/2010,LDRR8,engine,1418,10938,FailureFinding,INITIAL INVESTIGATION OF ENGINE FAILURE,engine,inspect,failure,PM03,350, -   ,2,0
21/01/2010,LDRR8,engine,140,11078,WorkFromInspection,WELD CRACKS IN ENGINE MOUNT,engine_mount,weld_up,crack,PM02,1049, -   ,6,0
17/09/2010,LDRR8,engine,4183,15260,WorkFromInspection,INVESTIGATE OVERHEATING ENGINE,engine,inspect,overheating,PM03,1835, -   ,10.5,0
31/10/2010,LDRR8,engine,770,16030,,Engine removed,,,,,,,,
10/07/2008,LDRR9,engine,,,,Engine installed,,,,,,,,
28/05/2009,LDRR9,engine,5635,5635,WorkFromInspection,REPLACE ENGINE BREATHER TEE PEICE,engine_breather_tee_piece,replace,,PM02,423,84,2,0
26/08/2009,LDRR9,engine,1575,7210,ServiceAndConMon,CHANGE OUT ENG OIL AND FILTERS,engine_oil_filters,replace,,PM02,257,83,1,0
26/08/2009,LDRR9,engine,0,7210,ServiceAndConMon,CM_INSPECT ENGINE OIL FILTERS.,engine_oil_filters,inspect,,PM02,348, -   ,2,0
19/10/2009,LDRR9,engine,945,8155,FixedIntervalReplacement,OEM 8000HR ENGINE CHANGEOUT,engine,8000HR_changeout,,PM01,32075,60674,40,96
4/01/2010,LDRR9,engine,1348,9503,WorkFromInspection,REPAIR LEAKING ENGINE OIL FILTER HOUSING,engine_oil_filter_housing,repair ,leak,PM02,345,3,2,0
18/01/2010,LDRR9,engine,245,9748,WorkFromInspection,REPAIR ENGINE OIL LEAK,engine,repair ,leak,PM02,540,540,3,3
1/02/2010,LDRR9,engine,245,9993,WorkFromInspection,REPLACE FAILED ENGINE BREATHER CLAMP,engine_breather_clamp,replace,failed,PM02,30,37,0,0
28/06/2010,LDRR9,engine,2573,12565,WorkFromInspection,INSPECT AND REPAIR ENGINE  OIL LEAKS,engine_oil,repair ,leak,PM02,367,350,2.1,2
13/12/2010,LDRR9,engine,2940,15505,,Engine removed,,,,,,,,
